-0.15884
-0.092859
-0.55306
0.22123
-0.60213
-0.79901
0.56961
0.74432
0.74443
-0.18597
-0.31733
-0.10517
-0.2012
0.27678
-0.39477
0.25592
0.38396
0.49002
-0.19433
-0.91755
0.12324
-0.41392
0.40795
-0.34387
0.38286
0.24636
0.21386
-0.099654
0.2236
-0.020571
-1.2283
0.046477
-0.79498
-0.30013
-0.0025567
0.90502
-0.55942
-0.1511
-0.47179
-0.038012
-0.030163
-0.41577
0.53148
-0.037523
0.35556
0.07685
0.10295
-0.01009
1.0742
0.41312
-1.1358
-0.41767
-0.39687
0.074927
0.38223
-0.23174
-0.2067
0.27989
-0.27436
0.38631
0.75022
-0.47497
-0.16682
0.040516
-0.16559
1.034
0.58091
-0.48988
0.60683
0.82183
0.17178
-0.16487
-0.70399
-0.27826
-0.65553
0.090769
-0.58992