0.001
684.5344
0
0
0
468.5873
468.8227
468.5873
468.5873
468.5873
0
0
0.23547
0.001
300.7359
-3255.9971
0
10599.4758
90.4421
10693.0966
11671.0324
10691.9867
10691.915
0
0.53482
0.49273
-0.83796
0.12445
-1.2859
-1.3144
-1.0317
-1.4607
-1.1196
-2.8189
-3.311
-1.4042
-0.13138
-0.022365
0.4601
0.001
-5.9466
-1161.9999
-1021.3678
2393.4243
1043.2276
1351.6374
2386.3929
2387.3414
1206.6773
-1.1284
1.184
0.49326
3.8772
0.010864
0.021867
0.0086137
0.52226
0.00074531
0.11764
-0.03537
-0.10047
-0.077497
-0.19618
-0.18117
0.41109
0.001
8.9986
-435.5178
-132.5853
206.9237
17.6598
189.8907
211.0818
208.5427
149.5439
-0.21419
0.30568
0.3691
-1.2801
0.0067866
-0.032986
-0.2311
0.048849
-0.068428
-0.046138
-0.082821
-0.20735
0.056823
-0.17415
-0.26921
0.51774