450
832.1106
0
0
0
0
183.5587
0
0
0
0
0
214.4533
0.45
0.29939
5.5569
0
1657.9798
0
4887.4738
-89.403
-376.8561
-104.8658
0
-985.1921
496.3342
-0.40293
-0.10077
2.1087
-8.5638
1039.9045
0
35.8389
290.8535
-238.5709
-53.4414
-3.8259
36.0261
447.3496
0.45
0.0064653
-2.8284
-2.0616
1389.9042
0
1849.1595
-151.6934
-46.5576
108.4871
-1009.8969
1179.2643
506.6353
-0.44624
0.026666
2.4687
-1.256
219.5907
0
170.3879
-24.1796
-116.3549
-135.0739
-196.2196
-58.1826
410.4144
0.45
0.0088553
-0.89092
-2.5092
-178.7965
0
200.1312
-159.6764
-37.2056
-126.3428
-296.4001
371.8285
350.5325
-0.0021778
-0.0094109
0.0397
0.0657
105.7171
0
-48.8249
0.12073
-96.7586
62.044
-132.8848
-258.0772
541.8784